4005
4006
4007
4008
4009
4010
4011
4012
4014
4015
4016
4017
4018
4019
4051
4052
4053
4054
4055
4056
4057
4058
4059
4060
4104
4105
4106
4107
4108
4109
4110
4111
4112
4114
4115
4116
4117
4118
4119
4151
4152
4153
4154
4155
4156
4157
4158
4159
4160
4161
4203
4204
4205
4206
4207
4208
4209
4210
4211
4212
4214
4215
4216
4217
4218
4219
4224
4225
4228
4229
4232
4237
4239
4240
4241
4242
4243
4244
4245
4246
4247
4248
4249
4250
4251
4252
4253
4254
4255
4256
4257
4258
4259
4260
4261
4301
4302
4303
4304
4305
4306
4307
4308
4309
4310
4311
4312
4314
4315
4316
4317
4318
4319
4337
4339
4340
4341
4342
4343
4344
4345
4346
4347
4348
4349
4350
4351
4352
4353
4354
4355
4356
4357
4358
4359
4360
4361
4401
4402
4403
4404
4405
4406
4407
4408
4409
4410
4411
4412
4414
4415
4416
4417
4418
4419
4422
4423
4424
4425
4426
4427
4428
4429
4430
4431
4432
4434
4437
4439
4440
4441
4442
4443
4444
4445
4446
4447
4448
4449
4450
4451
4452
4453
4454
4455
4456
4457
4458
4459
4460
4461
4501
4502
4503
4504
4505
4506
4507
4508
4509
4510
4511
4512
4514
4515
4516
4517
4518
4519
4522
4523
4524
4525
4526
4527
4528
4529
4530
4531
4532
4533
4534
4535
4536
4537
4538
4539
4540
4541
4542
4543
4544
4545
4546
4547
4548
4549
4550
4551
4552
4553
4554
4555
4556
4557
4558
4559
4560
4561
4601
4602
4603
4604
4605
4606
4607
4608
4609
4610
4611
4612
4614
4615
4616
4617
4618
4619
4622
4623
4624
4625
4626
4627
4628
4629
4630
4631
4632
4633
4634
4635
4636
4637
4638
4639
4640
4641
4642
4643
4644
4645
4646
4647
4648
4649
4650
4651
4652
4653
4654
4655
4656
4657
4658
4659
4660
4661
4701
4702
4703
4704
4705
4706
4707
4708
4709
4710
4711
4712
4714
4715
4716
4717
4718
4719
4722
4723
4724
4725
4726
4727
4728
4729
4730
4731
4732
4733
4734
4735
4736
4737
4738
4739
4740
4741
4742
4743
4744
4745
4746
4747
4748
4749
4750
4751
4752
4753
4754
4755
4756
4757
4758
4759
4760
4761
4801
4802
4803
4804
4805
4806
4807
4808
4809
4810
4811
4812
4814
4815
4816
4817
4818
4819
4822
4823
4824
4825
4826
4827
4828
4829
4830
4831
4832
4833
4834
4835
4836
4837
4838
4839
4840
4841
4842
4843
4844
4845
4846
4847
4848
4849
4850
4851
4852
4853
4854
4855
4856
4857
4858
4859
4860
4861
4901
4902
4903
4904
4905
4906
4907
4908
4909
4922
4923
4924
4925
4926
4927
4928
4930
4941
4943
4944
4945
4946
4947
4948
4949
4950
4952
4953
4954